130.006616                      
110.729112                      
110.169101                      
111.460057                      
116.665896                      
143.623506                      
421.962642                      
633.626213                      
762.102310                      
838.662891                      
900.151217                      
921.092760                      
964.186044                      
1106.628672                      
1257.915112                      
1378.744421                      
1464.477438                      
1621.264547                      
1755.088274                      
1891.254447                      
1973.529674                      
1973.529674                      
1973.529674                      
1973.529674                      
1973.529674                      
1973.529674                      
1973.529674                      
1973.529674                      
1973.529674                      
1973.529674                      
