72.028643                      
72.241495                      
72.987791                      
74.698055                      
78.894524                      
110.524967                      
4262.544660                      
9501.115995                      
14071.680480                      
17867.934791                      
20621.072308                      
23116.220063                      
25093.816326                      
27187.698944                      
28767.831709                      
29708.420707                      
31049.791966                      
32103.368722                      
33030.053833                      
34207.628809                      
213.747170                      
151.984876                      
132.514460                      
128.110643                      
291.449762                      
6312.302792                      
12159.531923                      
16950.494045                      
20805.332113                      
23735.943023                      
26087.567116                      
28025.894766                      
29989.604555                      
31402.888438                      
32573.165876                      
33643.851630                      
34750.219839                      
35409.009098                      
36034.679451                      
36734.366069                      
213.747170                      
