117.792151                      
97.566325                      
97.355324                      
98.796778                      
103.677061                      
117.046618                      
221.297223                      
473.679374                      
679.327617                      
764.221389                      
840.710069                      
880.892835                      
890.542404                      
913.174969                      
965.251309                      
1083.597909                      
1236.687092                      
1370.910209                      
1545.142278                      
1661.311139                      
1766.720305                      
1766.720305                      
1766.720305                      
1766.720305                      
1766.720305                      
1766.720305                      
1766.720305                      
1766.720305                      
1766.720305                      
1766.720305                      
