Packets not dropping
174.554633                      
113.289387                      
120.843769                      
2076.677256                      
4528.301717                      
5028.570538                      
4576.247603                      
7063.884128                      
9937.851256                      
13160.360355                      
16459.169130                      
16459.169130                      
16459.169130                      
16459.169130                      
174.554633                      
118.304685                      
113.289387                      
113.999853                      
120.843769                      
161.603103                      
2076.677256                      
3432.860709                      
4528.301717                      
4791.596524                      
5028.570538                      
4881.311970                      
4576.247603                      
5077.214291                      
7063.884128                      
9012.788791                      
9937.851256                      
11583.072775                      
13160.360355                      
15027.844027                      
16459.169130                      
16459.169130                      
16459.169130                      
---------------
Packets dropping
175.446442                      
115.853286                      
109.022467                      
109.221723                      
116.779173                      
161.022079                      
--------------        
            
175.446442                      
115.853286                      
109.022467                      
109.221723                      
116.779173                      
161.022079                      

161.022079                      
161.022079                  
-------------    
161.022079                      
161.603103                      
2076.677256                      
3432.860709                      
4528.301717                      
4791.596524                      
5028.570538                      
4881.311970                      
