110.881649                      
87.796865                      
86.418513                      
86.625956                      
90.978104                      
103.969377                      
228.507245                      
307.149667                      
393.412499                      
560.473727                      
685.958578                      
723.958478                      
775.514299                      
861.468813                      
938.699919                      
1013.667033                      
1049.021547                      
1061.834391                      
1146.427993                      
1118.741282                      
1157.592172                      
1157.592172                      
1157.592172                      
1157.592172                      
1157.592172                      
1157.592172                      
1157.592172                      
1157.592172                      
1157.592172                      
1157.592172                      
