88.703982                      
66.547645                      
64.831207                      
64.572029                      
65.183993                      
65.793173                      
68.135137                      
73.293892                      
103.397109                      
340.710304                      
510.770100                      
609.597910                      
671.031796                      
694.281207                      
698.164270                      
686.643992                      
668.267816                      
639.961920                      
609.638318                      
575.673543                      
604.102465                      
604.102465                      
604.102465                      
604.102465                      
604.102465                      
604.102465                      
604.102465                      
604.102465                      
604.102465                      
604.102465                      
